dim 31 31 28
putBox 7 24 12 15 5 8 0.85 0.64 0.12 1
putEllipsoid 15 15 15 7 7 14 0.28 0.30 0.31 1
cutEllipsoid 15 25 28 6 6 13 0.28 0.30 0.31 1
putBox 13 18 06 10 16 23 0.72 0.52 0.04 1 
cutBox 17 18 8 9 21 22 0.72 0.52 0.04 1 
cutBox 17 18 8 9 19 20 0.72 0.52 0.04 1 
putBox 14 17 19 24 5 8 0.72 0.52 0.04 1
putSphere 9 14 15 3 0.85 0.64 0.12 1
cutSphere 19 14 15 2 0.85 0.64 0.12 1
putVoxel 25 25 22 0.67 0.84  0.90 1
putVoxel 7 7 25 0.67 0.84  0.90 1
putVoxel 5 5 20 0.67 0.84  0.90 1
putVoxel 8 10 18 0.67 0.84  0.90 1
putVoxel 10 9 20 0.67 0.84  0.90 1